0 314 2 379 1 537 1
0 417 1 13 1 597 3
2 496 3 671 1 756 0
1 99 0 877 0 899 0
2 837 3 578 0 253 1
0 777 1 144 0 151 1
1 302 3 382 0 547 2
2 793 1 58 1 150 2
0 220 2 227 0 244 2
1 847 1 134 3 58 1
2 248 3 844 0 976 2
0 330 0 85 0 902 3
2 688 0 748 0 475 2
0 951 3 915 0 261 2
1 523 3 543 3 798 0
0 655 2 181 2 772 2
2 843 0 533 3 337 3
1 444 0 158 0 883 0
0 210 2 48 2 396 3
1 1 1 972 2 733 1
1 535 1 963 0 8 0
0 441 2 746 1 378 1
2 508 1 574 2 885 2
0 599 0 501 1 718 0
1 455 0 545 3 952 1
0 541 1 871 0 991 1
0 203 0 94 1 982 3
2 911 2 385 2 712 1
0 747 3 248 0 510 2
1 66 2 137 2 203 3
0 850 2 251 1 608 3
0 359 2 720 1 54 2
1 761 0 487 0 622 0
1 238 3 75 0 860 3
2 901 1 525 0 305 1
0 838 1 74 1 751 3
2 300 3 528 3 549 3
1 334 1 603 2 413 3
2 870 2 946 2 925 1
0 72 2 54 3 771 3
0 878 3 659 2 262 0
0 360 3 990 2 530 2
2 273 0 905 3 47 0
1 627 2 401 3 143 2
2 562 2 172 0 51 0
1 630 2 812 3 440 1
0 426 1 834 3 342 1
2 323 2 619 3 699 1
0 764 1 248 0 302 0
0 680 3 849 1 678 3
0 266 1 59 3 310 1
1 280 3 460 0 692 2
2 632 1 693 0 603 1
0 23 2 630 2 748 2
1 659 2 339 0 56 1
2 627 1 118 3 925 3
0 165 2 297 1 907 0
0 54 1 26 3 149 3
1 979 1 573 3 429 0
1 657 3 927 2 990 0
0 41 0 300 3 285 0
0 278 0 822 3 558 3
2 695 2 633 0 684 1
2 838 0 507 3 674 3
0 864 0 871 0 495 3
2 411 3 732 0 257 1
1 963 2 185 3 690 3
0 905 1 792 1 11 0
1 623 2 689 2 743 2
2 205 0 752 0 487 3
1 201 2 139 2 968 3
1 280 0 225 2 517 1
1 459 0 619 1 185 1
0 306 1 297 2 82 2
0 684 0 577 1 863 1
2 942 2 579 0 885 2
0 547 3 496 2 222 2
0 998 1 614 0 7 3
1 254 0 28 1 657 3
0 769 0 251 1 938 0
1 514 2 509 3 712 2
1 953 0 789 0 61 2
0 980 0 577 3 303 2
0 236 1 593 3 586 1
1 14 2 279 3 358 1
0 674 2 458 1 528 0
0 318 2 928 3 627 2
1 26 1 780 3 650 3
0 597 0 463 2 614 2
2 732 0 455 3 963 2
1 165 1 852 1 406 2
1 101 2 911 2 483 0
2 634 2 837 0 127 3
1 981 3 813 2 583 2
2 47 0 529 1 714 3
1 153 3 174 2 212 2
0 192 2 608 0 254 1
1 548 2 894 1 179 0
0 213 3 52 3 529 1
-1 -1 -1 -1 -1 -1 -1
